cores, pop_size, num_particles, final_fitness, gen_count, elapsed, elapsed/gen_count

32, 2000, 128, 582259.067316, 1000, 305.425, 0.305425
32, 2000, 64, 317450.379504, 672, 102.576, 0.152643
32, 2000, 32, 150579.453378, 303, 42.081, 0.138881
32, 2000, 16, 73356.775369, 161, 15.315, 0.095126
32, 2000, 8, 36734.420780, 103, 8.375, 0.081315-----
cores, pop_size, num_particles, final_fitness, gen_count, elapsed, elapsed/gen_count

16, 2000, 128, 643567.354327, 1000, 400.819, 0.400819
16, 2000, 64, 309384.965793, 573, 78.541, 0.137070
16, 2000, 32, 150578.438100, 330, 25.274, 0.076588
16, 2000, 16, 77333.303093, 289, 16.157, 0.055906
16, 2000, 8, 32479.999993, 110, 5.155, 0.046863-----
cores, pop_size, num_particles, final_fitness, gen_count, elapsed, elapsed/gen_count

8, 2000, 128, 663788.111403, 1000, 627.419, 0.627419
8, 2000, 64, 313474.897716, 684, 126.180, 0.184474
8, 2000, 32, 138317.142044, 260, 17.512, 0.067355
8, 2000, 16, 73190.391489, 182, 6.664, 0.036613
8, 2000, 8, 36678.501357, 118, 3.336, 0.028272-----
cores, pop_size, num_particles, final_fitness, gen_count, elapsed, elapsed/gen_count

4, 2000, 128, 627058.197193, 1000, 1216.542, 1.216542
4, 2000, 64, 325791.374264, 625, 201.715, 0.322744
4, 2000, 32, 154666.149832, 388, 40.590, 0.104612
4, 2000, 16, 69103.000576, 280, 11.015, 0.039341
4, 2000, 8, 36678.501357, 209, 5.076, 0.024285-----
cores, pop_size, num_particles, final_fitness, gen_count, elapsed, elapsed/gen_count

2, 2000, 128, 589997.516342, 1000, 2518.594, 2.518594
2, 2000, 64, 325680.957695, 624, 371.336, 0.595090
2, 2000, 32, 138261.392049, 410, 65.372, 0.159443
2, 2000, 16, 73190.391489, 212, 10.391, 0.049016
2, 2000, 8, 36678.501357, 301, 6.295, 0.020915
