cores, pop_size, num_particles, final_fitness, gen_count, elapsed, elapsed/gen_count

32, 2000, 50, 244152.118286, 609, 73.025, 0.119910
32, 3000, 50, 235977.279801, 435, 84.428, 0.194088
32, 5000, 50, 264586.118397, 575, 170.467, 0.296464
32, 7000, 50, 240283.753423, 564, 257.827, 0.457140
32, 10000, 50, 252325.086525, 430, 341.257, 0.793621
32, 15000, 50, 272927.130966, 965, 1093.842, 1.133515
32, 30000, 50, 276902.419311, 507, 1251.113, 2.46767
32, 50000, 50, 289438.619457, 799, 3487.613, 4.364972
