cores, pop_size, num_particles, final_fitness, gen_count, elapsed, elapsed/gen_count

32, 2000, 10, 48941.026234, 188, 18.259, 0.097120
32, 2000, 25, 126274.534750, 491, 50.259, 0.102361
32, 2000, 50, 223938.642601, 416, 70.570, 0.169640
32, 2000, 75, 358164.339703, 1000, 190.807, 0.190807
32, 2000, 100, 496864.920450, 867, 207.434, 0.239255
32, 2000, 125, 627225.759613, 1000, 395.481, 0.395481
32, 2000, 150, 593749.244292, 1000, 451.294, 0.451294
32, 2000, 175, 93236.674824, 152, 112.320, 0.738946
32, 2000, 200, 97207.240786, 69, 67.603, 0.979756
32, 2000, 250, 129626.486877, 183, 225.456, 1.232003
32, 2000, 300, 162771.945391, 146, 247.519, 1.695338
32, 2000, 350, -nan, 1000, 2164.755, 2.164755
32, 2000, 400, -nan, 1000, 2416.253, 2.41625
