cores, pop_size, num_particles, final_fitness, gen_count, elapsed, elapsed/gen_count

1, 2000, 50, 244152.118286, 609, 561.413, 0.921860
2, 2000, 50, 244152.118286, 609, 222.009, 0.364546
4, 2000, 50, 244152.118286, 609, 111.486, 0.183064
8, 2000, 50, 244152.118286, 609, 66.390, 0.109015
12, 2000, 50, 244152.118286, 609, 56.837, 0.093328
16, 2000, 50, 244152.118286, 609, 52.167, 0.085659
20, 2000, 50, 244152.118286, 609, 81.619, 0.134022
26, 2000, 50, 244152.118286, 609, 80.161, 0.131628
32, 2000, 50, 244152.118286, 609, 78.404, 0.128742