cores, pop_size, num_particles, final_fitness, gen_count, elapsed, elapsed/gen_count

32, 1000, 50, 235922.033246, 501, 64.743, 0.129227
32, 2000, 50, 248457.446855, 570, 97.097, 0.170346
32, 3000, 50, 240008.862379, 531, 145.871, 0.274710
32, 5000, 50, 223881.786527, 314, 140.024, 0.445935
32, 7000, 50, 264641.654047, 588, 353.226, 0.600724
32, 10000, 50, 281320.952501, 447, 370.428, 0.828698
32, 12000, 50, 240173.751138, 356, 341.131, 0.958234
32, 15000, 50, 256467.279941, 359, 544.864, 1.517728
32, 20000, 50, 277122.303524, 635, 1076.852, 1.695830
32, 25000, 50, 252269.405177, 245, 574.515, 2.344961
32, 30000, 50, 252325.560065, 370, 1084.852, 2.932032
32, 40000, 50, 256466.397502, 411, 1416.828, 3.447269
32, 50000, 50, 252214.611896, 401, 2014.695, 5.024177
